[bg.jpg]
filters=fill=1,0.691589;finetune2=1,0.000000,0.067368,0.000000,00000000,-0.321637;dir_tint=1,0.500000,0.500000,0.122807,0.315789,ffffffff,0;Orton=1,15.497076,77.777779,0.000000;
moddate=3d87be72aeabd301
width=949
height=633
textactive=0
